820 820 1952
1 0.002000000094995 -0.002000000094995 -0.001
2 0.00400000018999 -0.002000000094995 -0.001
3 0.00800000037998 -0.002000000094995 -0.001
4 0.4760000109673 -0.002000000094995 0.001
5 0.4740000069141 0 0.001
6 0.009999999776483 -0.002000000094995 -0.001
7 0.477999985218 -0.002000000094995 0.001
8 0.472000002861 -0.002000000094995 0.001
9 0 0 -0.001
10 0.006000000052154 -7.806255641896e-18 -0.001
11 0.0379999987781 -0.002000000094995 -0.001
12 0.477999985218 -0.009999999776483 0.001
13 0.03999999910593 -0.002000000094995 -0.001
14 0.4760000109673 -0.009999999776483 0.001
15 0.06800000369549 -0.002000000094995 -0.001
16 0.167999997735 0 0.001
17 0.07000000029802 -0.002000000094995 -0.001
18 0.1659999936819 -0.002000000094995 0.001
19 0.1003125011921 0.1324999928474 0.001
20 0.097999997437 -0.002000000094995 -0.001
21 0 -0.02999999932945 0.001
22 0.1000000014901 -0.002000000094995 -0.001
23 0.09200000017881 -0.009999999776483 0.001
24 0.109999999404 -0.002000000094995 -0.001
25 0.1019999980927 0 -0.001
26 0.1180000007153 -0.002000000094995 -0.001
27 0.1280000060797 -0.002000000094995 -0.001
28 0.48 0.1324999928474 0.001
29 0.1239999979734 -0.009999999776483 -0.001
30 0.09399999678135 -0.009999999776483 0.001
31 0.1299999952316 -0.002000000094995 -0.001
32 0.472000002861 -0.009999999776483 0.001
33 0.48 0 0.001
34 0.4219999909401 -0.002000000094995 0.001
35 0.48 -0.02999999932945 0.001
36 0.4239999949932 -0.002000000094995 0.001
37 0.3967812657356 0.1324999928474 0.001
38 0.4040000140667 -0.009999999776483 0.001
39 0.4699999988079 -0.002000000094995 0.001
40 0.25 -0.009999999776483 0.001
41 0.4059999883175 -0.009999999776483 0.001
42 0.140000000596 -0.002000000094995 -0.001
43 0.1420000046492 -0.002000000094995 -0.001
44 0.4699999988079 -0.009999999776483 0.001
45 0.2540000081062 -0.009999999776483 0.001
46 0.1580000072718 -0.002000000094995 -0.001
47 0 0.1324999928474 0.001
48 0.1599999964237 -0.002000000094995 -0.001
49 0.2560000121593 -0.009999999776483 0.001
50 0.03400000184774 -0.002000000094995 -0.001
51 0.4679999947548 0 0.001
52 0.1260000020266 0 -0.001
53 0.16400000453 -0.009999999776483 -0.001
54 0.1659999936819 -0.009999999776483 -0.001
55 0.1080000028014 0 -0.001
56 0.1459999978542 -0.009999999776483 -0.001
57 0.1720000058413 -0.009999999776483 -0.001
58 0.1700000017881 -0.009999999776483 -0.001
59 0.1780000030994 -0.009999999776483 -0.001
60 0.01999999955297 -0.009999999776483 -0.001
61 0.1759999990463 -0.009999999776483 -0.001
62 0.01600000075996 -0.009999999776483 -0.001
63 0.1620000004768 0 0.001
64 0.1879999935627 -0.002000000094995 -0.001
65 0.02199999988079 -0.009999999776483 -0.001
66 0.02600000053644 -0.009999999776483 -0.001
67 0.1819999963045 -0.009999999776483 -0.001
68 0.4659999907017 -0.009999999776483 0.001
69 0.1899999976158 -0.002000000094995 -0.001
70 0.109999999404 -0.009999999776483 0.001
71 0.1840000003576 -0.009999999776483 -0.001
72 0.2300000041723 -0.009999999776483 0.001
73 0.1560000032187 0 0.001
74 0.1120000034571 -0.009999999776483 0.001
75 0.48 -0.009999999776483 0.001
76 0.1480000019073 -0.009999999776483 -0.001
77 0.2259999960661 -0.009999999776483 0.001
78 0.2060000002384 -0.009999999776483 -0.001
79 0.4659999907017 -0.002000000094995 0.001
80 0.2660000026226 -0.009999999776483 0.001
81 0.1120000034571 -0.002000000094995 -0.001
82 0.4639999866486 -0.009999999776483 0.001
83 0.2179999947548 -0.002000000094995 -0.001
84 0.2619999945164 -0.009999999776483 0.001
85 0.1159999966621 -0.002000000094995 0.001
86 0.2199999988079 -0.002000000094995 -0.001
87 0.222000002861 0 -0.001
88 0.1140000000596 0 0.001
89 0.4600000083447 -0.002000000094995 0.001
90 0.01799999922514 0 0.001
91 0.01999999955297 -0.002000000094995 0.001
92 0.4620000123978 0 0.001
93 0.3740000128746 -0.009999999776483 0.001
94 0.3759999871254 -0.009999999776483 0.001
95 0.4639999866486 -0.002000000094995 0.001
96 0.4600000083447 -0.009999999776483 0.001
97 0.1000000014901 -0.009999999776483 0.001
98 0.097999997437 -0.009999999776483 0.001
99 0.04800000041723 0 -0.001
100 0.2360000014305 -0.002000000094995 -0.001
101 0.4560000002384 0 0.001
102 0.2919999957085 -0.002000000094995 0.001
103 0.4519999921322 -0.002000000094995 0.001
104 0.1379999965429 0 -0.001
105 0.01400000043213 -0.009999999776483 -0.001
106 0.4580000042915 -0.002000000094995 0.001
107 0.2080000042915 -0.009999999776483 -0.001
108 0.2119999974966 -0.009999999776483 -0.001
109 0.2899999916553 -0.002000000094995 0.001
110 0.2479999959469 -0.009999999776483 -0.001
111 0.2380000054836 -0.009999999776483 -0.001
112 0.3339999914169 -0.009999999776483 0.001
113 0.4580000042915 -0.009999999776483 0.001
114 0.2319999933243 -0.009999999776483 -0.001
115 0.2360000014305 -0.009999999776483 -0.001
116 0.4539999961853 -0.002000000094995 0.001
117 0.2479999959469 -0.002000000094995 -0.001
118 0.4079999923706 0 0.001
119 0.4519999921322 -0.009999999776483 0.001
120 0.4059999883175 -0.002000000094995 0.001
121 0.2380000054836 -0.002000000094995 -0.001
122 0.05200000107288 -0.009999999776483 -0.001
123 0.05600000172853 -0.009999999776483 -0.001
124 0.2540000081062 -0.002000000094995 -0.001
125 0.2419999986887 -0.009999999776483 -0.001
126 0.4539999961853 -0.009999999776483 0.001
127 0.3319999873638 -0.009999999776483 0.001
128 0.2440000027418 -0.009999999776483 -0.001
129 0.4480000138283 -0.002000000094995 0.001
130 0.4460000097752 -0.002000000094995 0.001
131 0.2579999864101 0 -0.001
132 0.2560000121593 -0.002000000094995 -0.001
133 0.05600000172853 -0.002000000094995 -0.001
134 0.05400000140071 0 -0.001
135 0.1059999987483 -0.009999999776483 0.001
136 0.4499999880791 0 0.001
137 0.05799999833107 -0.009999999776483 -0.001
138 0.06199999898672 -0.009999999776483 -0.001
139 0.1979999989271 0 -0.001
140 0.2000000029802 -0.002000000094995 -0.001
141 0.01400000043213 -0.002000000094995 0.001
142 0.01600000075996 -0.002000000094995 -0.001
143 0.2240000069141 -0.009999999776483 -0.001
144 0.01200000010431 0 0.001
145 0.2440000027418 -0.002000000094995 -0.001
146 0.2460000067949 0 -0.001
147 0.4460000097752 -0.009999999776483 0.001
148 0.2099999934435 0 -0.001
149 0.4480000138283 -0.009999999776483 0.001
150 0.2639999985695 0 -0.001
151 0.06800000369549 -0.009999999776483 0.001
152 0.25 -0.002000000094995 -0.001
153 0.2520000040531 0 -0.001
154 0.06400000303984 -0.009999999776483 0.001
155 0.08799999952316 -0.009999999776483 0.001
156 0.2680000066757 -0.009999999776483 -0.001
157 0.08600000292063 -0.009999999776483 0.001
158 0.4359999895096 -0.009999999776483 0.001
159 0.4420000016689 -0.002000000094995 0.001
160 0.1040000021458 -0.009999999776483 0.001
161 0.4339999854565 -0.009999999776483 0.001
162 0.2700000107288 0 -0.001
163 0.1480000019073 -0.002000000094995 -0.001
164 0.1500000059605 0 -0.001
165 0.1159999966621 -0.009999999776483 0.001
166 0.444000005722 0 0.001
167 0.2879999876022 0 0.001
168 0.2860000133514 -0.002000000094995 0.001
169 0.2020000070333 -0.009999999776483 -0.001
170 0.09399999678135 -0.002000000094995 -0.001
171 0.09600000083447 0 -0.001
172 0.4399999976158 -0.009999999776483 0.001
173 0.4399999976158 -0.002000000094995 0.001
174 0.2759999930859 0 -0.001
175 0.4379999935627 0 0.001
176 0.136000007391 -0.002000000094995 -0.001
177 0.277999997139 -0.002000000094995 -0.001
178 0.03400000184774 -0.009999999776483 -0.001
179 0.1220000013709 -0.002000000094995 0.001
180 0.1800000071526 0 0.001
181 0.272000014782 -0.002000000094995 -0.001
182 0.2739999890327 -0.002000000094995 -0.001
183 0.2800000011921 -0.009999999776483 -0.001
184 0.277999997139 -0.009999999776483 -0.001
185 0.1780000030994 -0.002000000094995 0.001
186 0.4420000016689 -0.009999999776483 0.001
187 0.194000005722 -0.009999999776483 0.001
188 0.2800000011921 -0.002000000094995 -0.001
189 0.195999994874 -0.009999999776483 0.001
190 0.2419999986887 -0.002000000094995 -0.001
191 0.2399999946356 0 -0.001
192 0.08600000292063 -0.002000000094995 -0.001
193 0.2840000092983 -0.009999999776483 -0.001
194 0.1199999973178 0 0.001
195 0.4359999895096 -0.002000000094995 0.001
196 0.3540000021458 0 0.001
197 0.2660000026226 -0.002000000094995 -0.001
198 0.2680000066757 -0.002000000094995 -0.001
199 0.07199999690056 0 0.001
200 0.06599999964237 0 0.001
201 0.3560000061989 -0.002000000094995 0.001
202 0.06199999898672 -0.002000000094995 0.001
203 0.0599999986589 0 0.001
204 0.3420000076294 0 0.001
205 0.2739999890327 -0.009999999776483 -0.001
206 0.272000014782 -0.009999999776483 -0.001
207 0.2939999997616 0 -0.001
208 0.33599999547 0 0.001
209 0.08200000226498 -0.002000000094995 0.001
210 0.4339999854565 -0.002000000094995 0.001
211 0.2980000078678 -0.002000000094995 0.001
212 0.1180000007153 -0.009999999776483 -0.001
213 0.1220000013709 -0.009999999776483 -0.001
214 0.1040000021458 -0.002000000094995 -0.001
215 0.1059999987483 -0.002000000094995 -0.001
216 0.05799999833107 -0.002000000094995 -0.001
217 0.3019999861717 -0.002000000094995 -0.001
218 0.2960000038147 -0.002000000094995 0.001
219 0.08399999886751 0 0.001
220 0.1599999964237 -0.009999999776483 -0.001
221 0 -0.009999999776483 -0.001
222 0.3799999952316 -0.009999999776483 0.001
223 0.3000000119209 0 -0.001
224 0.4320000112057 0 0.001
225 0.00400000018999 -0.009999999776483 0.001
226 0.05000000074506 -0.002000000094995 -0.001
227 0.05200000107288 -0.002000000094995 -0.001
228 0.3079999983311 -0.002000000094995 -0.001
229 0.3140000104904 -0.009999999776483 -0.001
230 0.3019999861717 -0.009999999776483 -0.001
231 0.07599999755621 -0.009999999776483 -0.001
232 0.07400000095367 -0.009999999776483 -0.001
233 0.4300000071526 -0.002000000094995 0.001
234 0.194000005722 -0.002000000094995 0.001
235 0.3039999902248 -0.009999999776483 -0.001
236 0.4259999990463 0 0.001
237 0.3079999983311 -0.009999999776483 -0.001
238 0.3100000023842 -0.009999999776483 -0.001
239 0.305999994278 0 -0.001
240 0.3100000023842 -0.002000000094995 -0.001
241 0.002000000094995 -0.009999999776483 0.001
242 0.1920000016689 0 0.001
243 0.4239999949932 -0.009999999776483 0.001
244 0.1840000003576 -0.002000000094995 0.001
245 0.1819999963045 -0.002000000094995 0.001
246 0.3039999902248 -0.002000000094995 -0.001
247 0.3519999980927 -0.002000000094995 0.001
248 0.2860000133514 -0.009999999776483 -0.001
249 0.2899999916553 -0.009999999776483 -0.001
250 0.03200000151992 -0.002000000094995 -0.001
251 0.02999999932945 0 -0.001
252 0.1700000017881 -0.002000000094995 0.001
253 0.4280000030994 -0.002000000094995 0.001
254 0.09000000357628 0 0.001
255 0.4300000071526 -0.009999999776483 0.001
256 0.3160000145435 -0.009999999776483 -0.001
257 0.4219999909401 -0.009999999776483 0.001
258 0.4180000126362 -0.002000000094995 0.001
259 0.419999986887 0 0.001
260 0.03999999910593 -0.009999999776483 0.001
261 0.3199999928474 -0.002000000094995 -0.001
262 0.4160000085831 -0.009999999776483 0.001
263 0.3179999887943 0 -0.001
264 0.1879999935627 -0.009999999776483 -0.001
265 0.1899999976158 -0.009999999776483 -0.001
266 0.04399999976158 -0.009999999776483 -0.001
267 0.00800000037998 -0.009999999776483 -0.001
268 0.009999999776483 -0.009999999776483 -0.001
269 0.07000000029802 -0.009999999776483 -0.001
270 0.2160000056028 0 -0.001
271 0.04600000008941 -0.009999999776483 -0.001
272 0.05000000074506 -0.009999999776483 -0.001
273 0.06400000303984 -0.002000000094995 0.001
274 0.3260000050068 -0.002000000094995 -0.001
275 0.09200000017881 -0.002000000094995 0.001
276 0.4180000126362 -0.009999999776483 0.001
277 0.3240000009537 0 -0.001
278 0.3219999969006 -0.002000000094995 -0.001
279 0.4160000085831 -0.002000000094995 0.001
280 0.4280000030994 -0.009999999776483 0.001
281 0.1720000058413 -0.002000000094995 0.001
282 0.0379999987781 -0.009999999776483 0.001
283 0.02800000086427 -0.009999999776483 -0.001
284 0.03200000151992 -0.009999999776483 -0.001
285 0.08799999952316 -0.002000000094995 0.001
286 0.2960000038147 -0.009999999776483 0.001
287 0.2919999957085 -0.009999999776483 0.001
288 0.16400000453 -0.002000000094995 -0.001
289 0.3319999873638 -0.002000000094995 -0.001
290 0.3379999995232 -0.009999999776483 -0.001
291 0.3400000035763 -0.009999999776483 -0.001
292 0.3280000090599 -0.009999999776483 -0.001
293 0.3260000050068 -0.009999999776483 -0.001
294 0.1519999951124 -0.009999999776483 -0.001
295 0.02400000020862 0 0.001
296 0.02199999988079 -0.002000000094995 0.001
297 0.4120000004768 -0.002000000094995 0.001
298 0.41400000453 0 0.001
299 0.07999999821186 -0.002000000094995 0.001
300 0.07800000160933 0 0.001
301 0.04399999976158 -0.002000000094995 0.001
302 0.330000013113 0 -0.001
303 0.04600000008941 -0.002000000094995 0.001
304 0.3280000090599 -0.002000000094995 -0.001
305 0.4099999964237 -0.009999999776483 0.001
306 0.3939999938011 -0.009999999776483 0.001
307 0.4120000004768 -0.009999999776483 0.001
308 0.4020000100136 0 0.001
309 0.3980000019073 -0.009999999776483 0.001
310 0.1420000046492 -0.009999999776483 -0.001
311 0.140000000596 -0.009999999776483 -0.001
312 0.3379999995232 -0.002000000094995 -0.001
313 0.4099999964237 -0.002000000094995 0.001
314 0.3680000007153 -0.009999999776483 0.001
315 0.2300000041723 -0.002000000094995 -0.001
316 0.2319999933243 -0.002000000094995 -0.001
317 0.2339999973774 0 -0.001
318 0.3939999938011 -0.002000000094995 0.001
319 0.2980000078678 -0.009999999776483 0.001
320 0.3400000035763 -0.002000000094995 -0.001
321 0.4040000140667 -0.002000000094995 0.001
322 0.363999992609 -0.009999999776483 0.001
323 0.1759999990463 -0.002000000094995 0.001
324 0.3440000116825 -0.002000000094995 -0.001
325 0.3499999940395 -0.009999999776483 0.001
326 0.4000000059605 -0.002000000094995 0.001
327 0.2140000015497 -0.009999999776483 0.001
328 0.3339999914169 -0.002000000094995 -0.001
329 0.3959999978542 0 0.001
330 0.3459999859333 -0.009999999776483 0.001
331 0.1860000044107 0 0.001
332 0.1580000072718 -0.009999999776483 -0.001
333 0.1539999991655 -0.009999999776483 -0.001
334 0.2119999974966 -0.002000000094995 -0.001
335 0.2140000015497 -0.002000000094995 -0.001
336 0.2599999904633 -0.002000000094995 -0.001
337 0.2619999945164 -0.002000000094995 -0.001
338 0.3440000116825 -0.009999999776483 -0.001
339 0.2179999947548 -0.009999999776483 0.001
340 0.03599999845028 0 -0.001
341 0.04199999943376 0 -0.001
342 0.2820000052452 0 0.001
343 0.2060000002384 -0.002000000094995 -0.001
344 0.2080000042915 -0.002000000094995 -0.001
345 0.2280000001192 0 -0.001
346 0.2000000029802 -0.009999999776483 -0.001
347 0.2199999988079 -0.009999999776483 0.001
348 0.3479999899864 0 -0.001
349 0.3219999969006 -0.009999999776483 0.001
350 0.3459999859333 -0.002000000094995 -0.001
351 0.3899999856949 0 0.001
352 0.3980000019073 -0.002000000094995 0.001
353 0.391999989748 -0.009999999776483 0.001
354 0.1280000060797 -0.009999999776483 -0.001
355 0.1299999952316 -0.009999999776483 -0.001
356 0.07999999821186 -0.009999999776483 -0.001
357 0.3519999980927 -0.009999999776483 -0.001
358 0.1319999992847 0 -0.001
359 0.1340000033379 -0.002000000094995 -0.001
360 0.3199999928474 -0.009999999776483 0.001
361 0.2240000069141 -0.002000000094995 0.001
362 0.07599999755621 -0.002000000094995 -0.001
363 0.3880000114441 -0.002000000094995 0.001
364 0.1519999951124 -0.002000000094995 -0.001
365 0.1539999991655 -0.002000000094995 -0.001
366 0.2840000092983 -0.002000000094995 0.001
367 0.1239999979734 -0.002000000094995 -0.001
368 0.2259999960661 -0.002000000094995 0.001
369 0.08200000226498 -0.009999999776483 -0.001
370 0.3700000047684 -0.009999999776483 -0.001
371 0.02600000053644 -0.002000000094995 -0.001
372 0.02800000086427 -0.002000000094995 -0.001
373 0.3160000145435 -0.002000000094995 -0.001
374 0.3600000143051 0 -0.001
375 0.358000010252 -0.002000000094995 -0.001
376 0.195999994874 -0.002000000094995 -0.001
377 0.1439999938011 0 -0.001
378 0.1459999978542 -0.002000000094995 -0.001
379 0.391999989748 -0.002000000094995 0.001
380 0.386000007391 -0.009999999776483 0.001
381 0.386000007391 -0.002000000094995 0.001
382 0.4000000059605 -0.009999999776483 0.001
383 0.2020000070333 -0.002000000094995 -0.001
384 0.2039999961853 0 -0.001
385 0.3680000007153 -0.002000000094995 -0.001
386 0.3140000104904 -0.002000000094995 0.001
387 0.2599999904633 -0.009999999776483 0.001
388 0.3880000114441 -0.009999999776483 0.001
389 0.3120000064373 0 0.001
390 0.3799999952316 -0.002000000094995 0.001
391 0.358000010252 -0.009999999776483 0.001
392 0.3659999966621 0 -0.001
393 0.3700000047684 -0.002000000094995 -0.001
394 0.3740000128746 -0.002000000094995 -0.001
395 0.3720000088215 0 -0.001
396 0.3560000061989 -0.009999999776483 0.001
397 0.1739999949932 0 0.001
398 0.3819999992847 -0.002000000094995 0.001
399 0.3619999885559 -0.002000000094995 -0.001
400 0.3619999885559 -0.009999999776483 -0.001
401 0.3840000033379 0 0.001
402 0.3499999940395 -0.002000000094995 0.001
403 0.3819999992847 -0.009999999776483 0.001
404 0.363999992609 -0.002000000094995 -0.001
405 0.136000007391 -0.009999999776483 0.001
406 0.07400000095367 -0.002000000094995 -0.001
407 0.136000007391 -0.009999999776483 -0.001
408 0.1340000033379 -0.009999999776483 -0.001
409 0.3759999871254 -0.002000000094995 0.001
410 0.3779999911785 0 0.001
411 0.3779999911785 0 -0.001
412 0.3759999871254 -0.002000000094995 -0.001
413 0.07400000095367 -0.002000000094995 0.001
414 0.1739999949932 0 -0.001
415 0.3799999952316 -0.002000000094995 -0.001
416 0.3720000088215 0 0.001
417 0.3619999885559 -0.002000000094995 0.001
418 0.363999992609 -0.002000000094995 0.001
419 0.3819999992847 -0.009999999776483 -0.001
420 0.3499999940395 -0.002000000094995 -0.001
421 0.1340000033379 -0.009999999776483 0.001
422 0.3840000033379 0 -0.001
423 0.3819999992847 -0.002000000094995 -0.001
424 0.3619999885559 -0.009999999776483 0.001
425 0.3740000128746 -0.002000000094995 0.001
426 0.3560000061989 -0.009999999776483 -0.001
427 0.358000010252 -0.009999999776483 -0.001
428 0.3680000007153 -0.002000000094995 0.001
429 0.3700000047684 -0.002000000094995 0.001
430 0.3120000064373 0 -0.001
431 0.3140000104904 -0.002000000094995 -0.001
432 0.3880000114441 -0.009999999776483 -0.001
433 0.2599999904633 -0.009999999776483 -0.001
434 0.391999989748 -0.002000000094995 -0.001
435 0.4000000059605 -0.009999999776483 -0.001
436 0.386000007391 -0.002000000094995 -0.001
437 0.386000007391 -0.009999999776483 -0.001
438 0.3659999966621 0 0.001
439 0.2240000069141 -0.002000000094995 -0.001
440 0.2259999960661 -0.002000000094995 -0.001
441 0.2039999961853 0 0.001
442 0.3899999856949 0 -0.001
443 0.2020000070333 -0.002000000094995 0.001
444 0.3880000114441 -0.002000000094995 -0.001
445 0.1459999978542 -0.002000000094995 0.001
446 0.2820000052452 0 -0.001
447 0.2840000092983 -0.002000000094995 -0.001
448 0.3160000145435 -0.002000000094995 0.001
449 0.1439999938011 0 0.001
450 0.391999989748 -0.009999999776483 -0.001
451 0.3980000019073 -0.002000000094995 -0.001
452 0.2140000015497 -0.009999999776483 -0.001
453 0.3219999969006 -0.009999999776483 -0.001
454 0.3199999928474 -0.009999999776483 -0.001
455 0.195999994874 -0.002000000094995 0.001
456 0.358000010252 -0.002000000094995 0.001
457 0.1860000044107 0 -0.001
458 0.2179999947548 -0.009999999776483 -0.001
459 0.2199999988079 -0.009999999776483 -0.001
460 0.3600000143051 0 0.001
461 0.02800000086427 -0.002000000094995 0.001
462 0.02600000053644 -0.002000000094995 0.001
463 0.3959999978542 0 -0.001
464 0.4000000059605 -0.002000000094995 -0.001
465 0.4020000100136 0 -0.001
466 0.1519999951124 -0.002000000094995 0.001
467 0.4040000140667 -0.002000000094995 -0.001
468 0.3700000047684 -0.009999999776483 0.001
469 0.08200000226498 -0.009999999776483 0.001
470 0.1239999979734 -0.002000000094995 0.001
471 0.1539999991655 -0.002000000094995 0.001
472 0.3939999938011 -0.002000000094995 -0.001
473 0.3459999859333 -0.002000000094995 0.001
474 0.1759999990463 -0.002000000094995 -0.001
475 0.3459999859333 -0.009999999776483 -0.001
476 0.3499999940395 -0.009999999776483 -0.001
477 0.07599999755621 -0.002000000094995 0.001
478 0.2980000078678 -0.009999999776483 -0.001
479 0.3479999899864 0 0.001
480 0.1319999992847 0 0.001
481 0.363999992609 -0.009999999776483 -0.001
482 0.3680000007153 -0.009999999776483 -0.001
483 0.1340000033379 -0.002000000094995 0.001
484 0.3519999980927 -0.009999999776483 0.001
485 0.1299999952316 -0.009999999776483 0.001
486 0.07999999821186 -0.009999999776483 0.001
487 0.03599999845028 0 0.001
488 0.2619999945164 -0.002000000094995 0.001
489 0.2000000029802 -0.009999999776483 0.001
490 0.1280000060797 -0.009999999776483 0.001
491 0.2280000001192 0 0.001
492 0.2599999904633 -0.002000000094995 0.001
493 0.2080000042915 -0.002000000094995 0.001
494 0.1580000072718 -0.009999999776483 0.001
495 0.3440000116825 -0.009999999776483 0.001
496 0.2060000002384 -0.002000000094995 0.001
497 0.2140000015497 -0.002000000094995 0.001
498 0.4099999964237 -0.002000000094995 -0.001
499 0.3440000116825 -0.002000000094995 0.001
500 0.04199999943376 0 0.001
501 0.1539999991655 -0.009999999776483 0.001
502 0.3980000019073 -0.009999999776483 -0.001
503 0.3939999938011 -0.009999999776483 -0.001
504 0.2119999974966 -0.002000000094995 0.001
505 0.2300000041723 -0.002000000094995 0.001
506 0.3339999914169 -0.002000000094995 0.001
507 0.2339999973774 0 0.001
508 0.3379999995232 -0.002000000094995 0.001
509 0.4120000004768 -0.009999999776483 -0.001
510 0.4099999964237 -0.009999999776483 -0.001
511 0.04399999976158 -0.002000000094995 -0.001
512 0.04600000008941 -0.002000000094995 -0.001
513 0.07999999821186 -0.002000000094995 -0.001
514 0.07800000160933 0 -0.001
515 0.2319999933243 -0.002000000094995 0.001
516 0.3260000050068 -0.002000000094995 0.001
517 0.330000013113 0 0.001
518 0.3400000035763 -0.002000000094995 0.001
519 0.41400000453 0 -0.001
520 0.140000000596 -0.009999999776483 0.001
521 0.4120000004768 -0.002000000094995 -0.001
522 0.1420000046492 -0.009999999776483 0.001
523 0.3280000090599 -0.002000000094995 0.001
524 0.1519999951124 -0.009999999776483 0.001
525 0.3260000050068 -0.009999999776483 0.001
526 0.08799999952316 -0.002000000094995 -0.001
527 0.02199999988079 -0.002000000094995 -0.001
528 0.02400000020862 0 -0.001
529 0.2919999957085 -0.009999999776483 -0.001
530 0.2960000038147 -0.009999999776483 -0.001
531 0.3280000090599 -0.009999999776483 0.001
532 0.4180000126362 -0.009999999776483 -0.001
533 0.3400000035763 -0.009999999776483 0.001
534 0.3379999995232 -0.009999999776483 0.001
535 0.0379999987781 -0.009999999776483 -0.001
536 0.03999999910593 -0.009999999776483 -0.001
537 0.3319999873638 -0.002000000094995 0.001
538 0.16400000453 -0.002000000094995 0.001
539 0.4280000030994 -0.009999999776483 -0.001
540 0.4300000071526 -0.009999999776483 -0.001
541 0.1700000017881 -0.002000000094995 -0.001
542 0.1720000058413 -0.002000000094995 -0.001
543 0.4160000085831 -0.002000000094995 -0.001
544 0.4160000085831 -0.009999999776483 -0.001
545 0.07000000029802 -0.009999999776483 0.001
546 0.03200000151992 -0.009999999776483 0.001
547 0.3519999980927 -0.002000000094995 -0.001
548 0.02800000086427 -0.009999999776483 0.001
549 0.419999986887 0 -0.001
550 0.3219999969006 -0.002000000094995 0.001
551 0.4180000126362 -0.002000000094995 -0.001
552 0.009999999776483 -0.009999999776483 0.001
553 0.06400000303984 -0.002000000094995 -0.001
554 0.09200000017881 -0.002000000094995 -0.001
555 0.09000000357628 0 -0.001
556 0.4219999909401 -0.009999999776483 -0.001
557 0.4280000030994 -0.002000000094995 -0.001
558 0.3240000009537 0 0.001
559 0.05000000074506 -0.009999999776483 0.001
560 0.1819999963045 -0.002000000094995 -0.001
561 0.1840000003576 -0.002000000094995 -0.001
562 0.1920000016689 0 -0.001
563 0.194000005722 -0.002000000094995 -0.001
564 0.04399999976158 -0.009999999776483 0.001
565 0.1899999976158 -0.009999999776483 0.001
566 0.4239999949932 -0.009999999776483 -0.001
567 0.002000000094995 -0.009999999776483 -0.001
568 0.00400000018999 -0.009999999776483 -0.001
569 0.3799999952316 -0.009999999776483 -0.001
570 0.4259999990463 0 -0.001
571 0.4300000071526 -0.002000000094995 -0.001
572 0.4320000112057 0 -0.001
573 0.08200000226498 -0.002000000094995 -0.001
574 0.08399999886751 0 -0.001
575 0.1879999935627 -0.009999999776483 0.001
576 0.00800000037998 -0.009999999776483 0.001
577 0.04600000008941 -0.009999999776483 0.001
578 0.02999999932945 0 0.001
579 0.2160000056028 0 0.001
580 0.3179999887943 0 0.001
581 0.3199999928474 -0.002000000094995 0.001
582 0.2960000038147 -0.002000000094995 -0.001
583 0.2980000078678 -0.002000000094995 -0.001
584 0.4339999854565 -0.002000000094995 -0.001
585 0.33599999547 0 -0.001
586 0.3420000076294 0 -0.001
587 0.06599999964237 0 -0.001
588 0.07199999690056 0 -0.001
589 0.06199999898672 -0.002000000094995 -0.001
590 0.0599999986589 0 -0.001
591 0.3160000145435 -0.009999999776483 0.001
592 0.3039999902248 -0.009999999776483 0.001
593 0.07599999755621 -0.009999999776483 0.001
594 0.3560000061989 -0.002000000094995 -0.001
595 0.3540000021458 0 -0.001
596 0.03200000151992 -0.002000000094995 0.001
597 0.2860000133514 -0.009999999776483 0.001
598 0.2899999916553 -0.009999999776483 0.001
599 0.3039999902248 -0.002000000094995 0.001
600 0.4359999895096 -0.002000000094995 -0.001
601 0.305999994278 0 0.001
602 0.3100000023842 -0.002000000094995 0.001
603 0.3079999983311 -0.009999999776483 0.001
604 0.3100000023842 -0.009999999776483 0.001
605 0.1220000013709 -0.002000000094995 -0.001
606 0.1199999973178 0 -0.001
607 0.195999994874 -0.009999999776483 -0.001
608 0.194000005722 -0.009999999776483 -0.001
609 0.4420000016689 -0.009999999776483 -0.001
610 0.07400000095367 -0.009999999776483 0.001
611 0.3019999861717 -0.009999999776483 0.001
612 0.1780000030994 -0.002000000094995 -0.001
613 0.1800000071526 0 -0.001
614 0.3140000104904 -0.009999999776483 0.001
615 0 -0.009999999776483 0.001
616 0.4379999935627 0 -0.001
617 0.4399999976158 -0.002000000094995 -0.001
618 0.4399999976158 -0.009999999776483 -0.001
619 0.2860000133514 -0.002000000094995 -0.001
620 0.2879999876022 0 -0.001
621 0.3079999983311 -0.002000000094995 0.001
622 0.444000005722 0 -0.001
623 0.4420000016689 -0.002000000094995 -0.001
624 0.05200000107288 -0.002000000094995 0.001
625 0.1159999966621 -0.009999999776483 -0.001
626 0.1059999987483 -0.009999999776483 -0.001
627 0.1040000021458 -0.009999999776483 -0.001
628 0.4339999854565 -0.009999999776483 -0.001
629 0.4359999895096 -0.009999999776483 -0.001
630 0.05000000074506 -0.002000000094995 0.001
631 0.3000000119209 0 0.001
632 0.1599999964237 -0.009999999776483 0.001
633 0.1220000013709 -0.009999999776483 0.001
634 0.08600000292063 -0.009999999776483 -0.001
635 0.08799999952316 -0.009999999776483 -0.001
636 0.3019999861717 -0.002000000094995 0.001
637 0.1180000007153 -0.009999999776483 0.001
638 0.05799999833107 -0.002000000094995 0.001
639 0.06400000303984 -0.009999999776483 -0.001
640 0.06800000369549 -0.009999999776483 -0.001
641 0.1059999987483 -0.002000000094995 0.001
642 0.1040000021458 -0.002000000094995 0.001
643 0.4480000138283 -0.009999999776483 -0.001
644 0.4460000097752 -0.009999999776483 -0.001
645 0.01200000010431 0 -0.001
646 0.01400000043213 -0.002000000094995 -0.001
647 0.272000014782 -0.009999999776483 0.001
648 0.2939999997616 0 0.001
649 0.2739999890327 -0.009999999776483 0.001
650 0.2680000066757 -0.002000000094995 0.001
651 0.2660000026226 -0.002000000094995 0.001
652 0.2840000092983 -0.009999999776483 0.001
653 0.4499999880791 0 -0.001
654 0.2800000011921 -0.002000000094995 0.001
655 0.277999997139 -0.009999999776483 0.001
656 0.2800000011921 -0.009999999776483 0.001
657 0.08600000292063 -0.002000000094995 0.001
658 0.2399999946356 0 0.001
659 0.272000014782 -0.002000000094995 0.001
660 0.4460000097752 -0.002000000094995 -0.001
661 0.4480000138283 -0.002000000094995 -0.001
662 0.3319999873638 -0.009999999776483 -0.001
663 0.3339999914169 -0.009999999776483 -0.001
664 0.277999997139 -0.002000000094995 0.001
665 0.4539999961853 -0.009999999776483 -0.001
666 0.2419999986887 -0.002000000094995 0.001
667 0.2739999890327 -0.002000000094995 0.001
668 0.03400000184774 -0.009999999776483 0.001
669 0.2680000066757 -0.009999999776483 0.001
670 0.4059999883175 -0.002000000094995 -0.001
671 0.4079999923706 0 -0.001
672 0.4580000042915 -0.002000000094995 -0.001
673 0.4519999921322 -0.002000000094995 -0.001
674 0.4519999921322 -0.009999999776483 -0.001
675 0.25 -0.002000000094995 0.001
676 0.2899999916553 -0.002000000094995 -0.001
677 0.2919999957085 -0.002000000094995 -0.001
678 0.136000007391 -0.002000000094995 0.001
679 0.2759999930859 0 0.001
680 0.4560000002384 0 -0.001
681 0.09600000083447 0 0.001
682 0.4539999961853 -0.002000000094995 -0.001
683 0.09399999678135 -0.002000000094995 0.001
684 0.2020000070333 -0.009999999776483 0.001
685 0.1500000059605 0 0.001
686 0.1480000019073 -0.002000000094995 0.001
687 0.2700000107288 0 0.001
688 0.01600000075996 -0.002000000094995 0.001
689 0.4580000042915 -0.009999999776483 -0.001
690 0.4600000083447 -0.009999999776483 -0.001
691 0.2520000040531 0 0.001
692 0.05600000172853 -0.002000000094995 0.001
693 0.2639999985695 0 0.001
694 0.2099999934435 0 0.001
695 0.097999997437 -0.009999999776483 -0.001
696 0.1000000014901 -0.009999999776483 -0.001
697 0.2460000067949 0 0.001
698 0.2440000027418 -0.002000000094995 0.001
699 0.4639999866486 -0.002000000094995 -0.001
700 0.2240000069141 -0.009999999776483 0.001
701 0.2560000121593 -0.002000000094995 0.001
702 0.2579999864101 0 0.001
703 0.2000000029802 -0.002000000094995 0.001
704 0.3759999871254 -0.009999999776483 -0.001
705 0.3740000128746 -0.009999999776483 -0.001
706 0.1979999989271 0 0.001
707 0.4620000123978 0 -0.001
708 0.4600000083447 -0.002000000094995 -0.001
709 0.05799999833107 -0.009999999776483 0.001
710 0.05400000140071 0 0.001
711 0.06199999898672 -0.009999999776483 0.001
712 0.2440000027418 -0.009999999776483 0.001
713 0.01999999955297 -0.002000000094995 -0.001
714 0.01799999922514 0 -0.001
715 0.2419999986887 -0.009999999776483 0.001
716 0.2479999959469 -0.009999999776483 0.001
717 0.4639999866486 -0.009999999776483 -0.001
718 0.1159999966621 -0.002000000094995 -0.001
719 0.1140000000596 0 -0.001
720 0.2080000042915 -0.009999999776483 0.001
721 0.2540000081062 -0.002000000094995 0.001
722 0.05600000172853 -0.009999999776483 0.001
723 0.05200000107288 -0.009999999776483 0.001
724 0.2380000054836 -0.002000000094995 0.001
725 0.2619999945164 -0.009999999776483 -0.001
726 0.2660000026226 -0.009999999776483 -0.001
727 0.2479999959469 -0.002000000094995 0.001
728 0.2360000014305 -0.009999999776483 0.001
729 0.2319999933243 -0.009999999776483 0.001
730 0.2380000054836 -0.009999999776483 0.001
731 0.2360000014305 -0.002000000094995 0.001
732 0.2119999974966 -0.009999999776483 0.001
733 0.1379999965429 0 0.001
734 0.01400000043213 -0.009999999776483 0.001
735 0.2060000002384 -0.009999999776483 0.001
736 0.222000002861 0 0.001
737 0.2199999988079 -0.002000000094995 0.001
738 0.04800000041723 0 0.001
739 0.4659999907017 -0.002000000094995 -0.001
740 0.2179999947548 -0.002000000094995 0.001
741 0.1120000034571 -0.002000000094995 0.001
742 0.1819999963045 -0.009999999776483 0.001
743 0.1120000034571 -0.009999999776483 -0.001
744 0.109999999404 -0.009999999776483 -0.001
745 0.1840000003576 -0.009999999776483 0.001
746 0.01600000075996 -0.009999999776483 0.001
747 0.1480000019073 -0.009999999776483 0.001
748 0.1759999990463 -0.009999999776483 0.001
749 0.4659999907017 -0.009999999776483 -0.001
750 0.1899999976158 -0.002000000094995 0.001
751 0.02600000053644 -0.009999999776483 0.001
752 0.1720000058413 -0.009999999776483 0.001
753 0.02199999988079 -0.009999999776483 0.001
754 0.2259999960661 -0.009999999776483 -0.001
755 0.2300000041723 -0.009999999776483 -0.001
756 0.1560000032187 0 -0.001
757 0.1620000004768 0 -0.001
758 0.4679999947548 0 -0.001
759 0.1879999935627 -0.002000000094995 0.001
760 0.4699999988079 -0.009999999776483 -0.001
761 0.1080000028014 0 0.001
762 0.2560000121593 -0.009999999776483 -0.001
763 0.25 -0.009999999776483 -0.001
764 0.2540000081062 -0.009999999776483 -0.001
765 0 0.1324999928474 -0.001
766 0.1780000030994 -0.009999999776483 0.001
767 0.01999999955297 -0.009999999776483 0.001
768 0.1599999964237 -0.002000000094995 0.001
769 0.1700000017881 -0.009999999776483 0.001
770 0.1659999936819 -0.009999999776483 0.001
771 0.1459999978542 -0.009999999776483 0.001
772 0.48 -0.009999999776483 -0.001
773 0.4699999988079 -0.002000000094995 -0.001
774 0.4059999883175 -0.009999999776483 -0.001
775 0.4040000140667 -0.009999999776483 -0.001
776 0.16400000453 -0.009999999776483 0.001
777 0.03400000184774 -0.002000000094995 0.001
778 0.3967812657356 0.1324999928474 -0.001
779 0.4219999909401 -0.002000000094995 -0.001
780 0.4239999949932 -0.002000000094995 -0.001
781 0.1420000046492 -0.002000000094995 0.001
782 0.48 0 -0.001
783 0.48 0.1324999928474 -0.001
784 0.1260000020266 0 0.001
785 0.1580000072718 -0.002000000094995 0.001
786 0.140000000596 -0.002000000094995 0.001
787 0.1280000060797 -0.002000000094995 0.001
788 0.1299999952316 -0.002000000094995 0.001
789 0.1019999980927 0 0.001
790 0.097999997437 -0.002000000094995 0.001
791 0.472000002861 -0.009999999776483 -0.001
792 0.48 -0.02999999932945 -0.001
793 0.1239999979734 -0.009999999776483 0.001
794 0.09399999678135 -0.009999999776483 -0.001
795 0.09200000017881 -0.009999999776483 -0.001
796 0 -0.02999999932945 -0.001
797 0.109999999404 -0.002000000094995 0.001
798 0.1180000007153 -0.002000000094995 0.001
799 0.07000000029802 -0.002000000094995 0.001
800 0.06800000369549 -0.002000000094995 0.001
801 0.1000000014901 -0.002000000094995 0.001
802 0.1659999936819 -0.002000000094995 -0.001
803 0.167999997735 0 -0.001
804 0.1003125011921 0.1324999928474 -0.001
805 0.00800000037998 -0.002000000094995 0.001
806 0.03999999910593 -0.002000000094995 0.001
807 0.4760000109673 -0.009999999776483 -0.001
808 0.477999985218 -0.009999999776483 -0.001
809 0.002000000094995 -0.002000000094995 0.001
810 0.009999999776483 -0.002000000094995 0.001
811 0.006000000052154 -7.806255641896e-18 0.001
812 0.0379999987781 -0.002000000094995 0.001
813 0.472000002861 -0.002000000094995 -0.001
814 0.00400000018999 -0.002000000094995 0.001
815 0.477999985218 -0.002000000094995 -0.001
816 0.4740000069141 0 -0.001
817 0.4760000109673 -0.002000000094995 -0.001
818 0 0 0.001
819 0.24 0.06 -0.001
820 0.24 0.06 0.001
778 819 783 12
778 804 819 12
804 765 819 12
819 782 783 12
765 9 819 12
19 820 47 13
19 37 820 13
37 28 820 13
820 818 47 13
28 33 820 13
375 374 819 16
374 392 819 16
374 404 392 16
392 395 819 16
392 393 395 16
395 411 819 16
395 412 411 16
411 422 819 16
411 423 422 16
422 442 819 16
422 444 442 16
442 463 819 16
442 472 463 16
463 465 819 16
463 464 465 16
465 671 819 16
465 670 671 16
671 519 819 16
671 521 519 16
519 549 819 16
519 551 549 16
549 570 819 16
549 780 570 16
570 572 819 16
570 571 572 16
572 616 819 16
572 600 616 16
616 622 819 16
616 623 622 16
622 653 819 16
622 661 653 16
653 680 819 16
653 682 680 16
680 707 819 16
680 708 707 16
707 758 819 16
707 739 758 16
819 595 375 16
819 547 595 16
819 348 547 16
819 350 348 16
819 586 350 16
819 320 586 16
819 585 320 16
819 328 585 16
819 302 328 16
819 304 302 16
819 277 304 16
819 278 277 16
819 263 278 16
819 373 263 16
819 430 373 16
819 240 430 16
819 239 240 16
819 246 239 16
819 223 246 16
819 583 223 16
819 207 583 16
819 677 207 16
819 620 677 16
819 619 620 16
819 446 619 16
819 188 446 16
819 174 188 16
819 182 174 16
819 162 182 16
819 198 162 16
819 150 198 16
819 337 150 16
819 131 337 16
819 132 131 16
819 153 132 16
153 124 132 16
819 152 153 16
819 146 152 16
819 145 146 16
819 191 145 16
191 190 145 16
758 816 819 16
758 813 816 16
758 773 813 16
680 672 708 16
653 673 682 16
622 660 661 16
616 617 623 16
570 557 571 16
549 779 780 16
519 543 551 16
671 498 521 16
463 451 464 16
442 434 472 16
422 436 444 16
411 415 423 16
392 385 393 16
595 594 375 16
348 420 547 16
585 312 320 16
277 274 304 16
263 261 278 16
430 431 373 16
239 228 240 16
207 582 583 16
620 676 677 16
446 447 619 16
174 177 188 16
150 197 198 16
131 336 337 16
465 467 670 16
395 394 412 16
586 324 350 16
162 181 182 16
146 117 152 16
707 699 739 16
572 584 600 16
374 399 404 16
302 289 328 16
223 217 246 16
39 51 5 17
51 820 5 17
51 92 820 17
51 95 92 17
92 101 820 17
92 106 101 17
101 136 820 17
101 103 136 17
136 166 820 17
136 130 166 17
166 175 820 17
166 173 175 17
175 224 820 17
175 210 224 17
224 236 820 17
224 253 236 17
236 259 820 17
236 34 259 17
259 298 820 17
259 279 298 17
298 118 820 17
298 313 118 17
118 308 820 17
118 321 308 17
308 329 820 17
308 352 329 17
329 351 820 17
329 379 351 17
351 401 820 17
351 381 401 17
401 410 820 17
401 390 410 17
410 416 820 17
410 425 416 17
416 438 820 17
416 428 438 17
438 460 820 17
438 417 460 17
460 196 820 17
460 201 196 17
196 479 820 17
196 402 479 17
479 204 820 17
479 499 204 17
204 208 820 17
204 508 208 17
208 517 820 17
208 537 517 17
517 558 820 17
517 516 558 17
558 580 820 17
558 581 580 17
580 389 820 17
580 386 389 17
389 601 820 17
389 621 601 17
601 631 820 17
601 636 631 17
631 218 820 17
218 648 820 17
648 109 820 17
109 167 820 17
167 366 820 17
366 342 820 17
342 664 820 17
664 679 820 17
679 659 820 17
659 687 820 17
687 651 820 17
651 693 820 17
693 492 820 17
492 702 820 17
702 721 820 17
721 691 820 17
691 727 820 17
727 697 820 17
697 658 820 17
697 666 658 17
697 698 666 17
691 675 727 17
693 488 492 17
687 650 651 17
342 654 664 17
648 102 109 17
631 211 218 17
601 599 636 17
389 602 621 17
558 550 581 17
517 523 516 17
208 506 537 17
204 518 508 17
196 247 402 17
460 456 201 17
438 418 417 17
416 429 428 17
401 398 390 17
329 318 379 17
308 326 352 17
298 297 313 17
236 36 34 17
224 233 253 17
175 195 210 17
166 159 173 17
101 116 103 17
92 89 106 17
51 79 95 17
5 8 39 17
679 667 659 17
479 473 499 17
410 409 425 17
118 120 321 17
702 701 721 17
167 168 366 17
580 448 386 17
351 363 381 17
259 258 279 17
136 129 130 17
7 4 33 17
4 5 33 17
817 815 816 16
815 782 816 16
820 33 5 17
85 88 820 15
88 761 820 15
88 797 761 15
761 789 820 15
761 642 789 15
789 681 820 15
789 790 681 15
681 254 820 15
681 275 254 15
254 219 820 15
254 657 219 15
219 300 820 15
219 299 300 15
300 199 820 15
300 413 199 15
199 200 820 15
199 800 200 15
200 203 820 15
200 202 203 15
203 710 820 15
203 692 710 15
710 738 820 15
710 630 738 15
738 500 820 15
738 301 500 15
500 487 820 15
500 812 487 15
487 578 820 15
487 596 578 15
578 295 820 15
578 462 295 15
295 90 820 15
295 91 90 15
90 144 820 15
90 141 144 15
820 194 85 15
820 179 194 15
820 784 179 15
820 787 784 15
820 480 787 15
820 483 480 15
820 733 483 15
820 786 733 15
820 449 786 15
820 445 449 15
820 685 445 15
820 466 685 15
820 73 466 15
820 785 73 15
820 63 785 15
820 538 63 15
820 16 538 15
820 252 16 15
820 397 252 15
820 323 397 15
820 180 323 15
820 245 180 15
820 331 245 15
820 759 331 15
820 242 759 15
820 234 242 15
820 706 234 15
820 703 706 15
820 441 703 15
820 496 441 15
820 694 496 15
820 504 694 15
820 579 504 15
180 185 323 15
331 244 245 15
242 750 759 15
579 497 504 15
820 740 579 15
820 736 740 15
736 737 740 15
685 686 445 15
73 471 466 15
300 477 413 15
254 285 657 15
681 683 275 15
761 641 642 15
784 470 179 15
706 455 234 15
820 361 736 15
820 491 361 15
491 368 361 15
820 505 491 15
820 507 505 15
507 515 505 15
480 788 787 15
63 768 785 15
16 18 538 15
295 296 91 15
500 806 812 15
738 303 301 15
710 624 630 15
144 811 820 15
144 805 811 15
144 810 805 15
203 638 692 15
90 688 141 15
578 461 462 15
200 273 202 15
219 209 299 15
789 801 790 15
88 741 797 15
194 798 85 15
487 777 596 15
199 799 800 15
397 281 252 15
441 443 703 15
694 493 496 15
733 678 483 15
449 781 786 15
820 731 507 15
820 724 731 15
6 645 10 14
645 819 10 14
645 714 819 14
645 142 714 14
714 528 819 14
714 527 528 14
528 251 819 14
528 372 251 14
251 340 819 14
251 50 340 14
340 341 819 14
340 13 341 14
341 99 819 14
341 512 99 14
99 134 819 14
99 227 134 14
134 590 819 14
134 216 590 14
590 587 819 14
590 553 587 14
587 588 819 14
587 17 588 14
588 514 819 14
588 362 514 14
514 574 819 14
514 573 574 14
574 555 819 14
574 526 555 14
555 171 819 14
555 170 171 14
171 25 819 14
171 22 25 14
25 55 819 14
25 215 55 14
55 719 819 14
55 81 719 14
719 606 819 14
719 26 606 14
606 52 819 14
606 367 52 14
52 358 819 14
52 31 358 14
358 104 819 14
358 176 104 14
104 377 819 14
104 43 377 14
377 164 819 14
377 163 164 14
164 756 819 14
164 365 756 14
756 757 819 14
756 48 757 14
757 803 819 14
757 802 803 14
803 414 819 14
803 542 414 14
414 612 819 14
612 613 819 14
613 561 819 14
561 457 819 14
457 69 819 14
69 562 819 14
562 376 819 14
376 139 819 14
139 383 819 14
383 384 819 14
384 344 819 14
344 148 819 14
148 335 819 14
335 270 819 14
270 86 819 14
86 87 819 14
87 440 819 14
440 345 819 14
148 334 335 14
384 343 344 14
139 140 383 14
414 474 612 14
803 541 542 14
377 378 163 14
104 42 43 14
358 359 176 14
606 605 367 14
25 214 215 14
574 192 526 14
588 406 362 14
587 15 17 14
345 317 819 14
345 316 317 14
345 315 316 14
87 439 440 14
562 563 376 14
757 288 802 14
756 46 48 14
52 27 31 14
251 250 50 14
590 589 553 14
99 226 227 14
341 511 512 14
340 11 13 14
528 371 372 14
714 713 527 14
645 646 142 14
10 3 6 14
134 133 216 14
719 718 26 14
55 24 81 14
171 20 22 14
514 513 573 14
555 554 170 14
270 83 86 14
457 64 69 14
613 560 561 14
164 364 365 14
317 100 819 14
100 121 819 14
1 2 9 14
2 10 9 14
814 809 811 15
809 818 811 15
9 10 819 14
820 658 724 15
12 35 14 11
35 12 75 11
119 116 126 11
257 36 243 11
297 305 313 11
525 523 531 11
168 652 366 11
647 667 649 11
21 225 576 11
486 209 469 11
752 21 769 11
769 21 770 11
21 751 548 11
734 688 746 11
747 21 771 11
495 21 533 11
735 21 684 11
353 21 388 11
21 262 276 11
564 303 577 11
93 21 468 11
21 495 330 11
745 21 742 11
21 243 280 11
559 624 723 11
546 777 668 11
490 21 793 11
21 172 186 11
777 546 596 11
592 21 611 11
603 21 592 11
387 21 49 11
611 21 319 11
382 21 309 11
793 21 633 11
21 325 484 11
21 598 287 11
21 767 753 11
652 21 656 11
241 21 615 11
44 21 68 11
597 21 652 11
776 21 632 11
157 285 155 11
801 97 98 11
21 424 322 11
327 21 732 11
98 790 801 11
21 776 770 11
21 728 730 11
716 21 712 11
741 70 797 11
424 21 391 11
70 741 74 11
403 21 222 11
715 21 730 11
165 798 637 11
21 722 709 11
21 735 720 11
742 21 766 11
21 44 32 11
632 494 768 11
768 494 785 11
18 776 538 11
21 748 766 11
533 21 534 11
776 18 770 11
748 21 752 11
771 21 522 11
712 21 715 11
380 21 403 11
565 575 750 11
187 21 565 11
455 187 234 11
750 575 759 11
767 21 746 11
421 21 485 11
21 23 30 11
21 38 41 11
14 35 32 11
45 21 40 11
35 21 32 11
49 21 45 11
72 21 77 11
44 8 32 11
21 70 74 11
80 21 84 11
82 79 68 11
21 93 94 11
97 21 98 11
113 89 96 11
79 82 95 11
112 21 127 11
151 21 154 11
155 21 157 11
158 21 161 11
21 160 135 11
165 21 74 11
21 734 746 11
21 187 189 11
119 21 149 11
21 113 96 11
172 159 186 11
222 21 94 11
225 21 241 11
36 257 34 11
260 21 282 11
286 21 287 11
255 280 233 11
305 297 307 11
21 306 309 11
172 21 158 11
314 21 322 11
262 258 276 11
21 286 319 11
325 21 330 11
347 21 339 11
21 360 349 11
339 21 327 11
255 21 280 11
735 493 720 11
363 380 381 11
98 21 30 11
21 387 84 11
751 21 753 11
147 21 186 11
391 21 396 11
222 398 403 11
398 222 390 11
380 363 388 11
243 21 257 11
21 421 405 11
305 21 41 11
187 455 189 11
70 21 135 11
396 456 391 11
157 21 469 11
456 396 201 11
325 247 484 11
424 418 322 11
469 21 486 11
485 21 490 11
489 21 189 11
495 473 330 11
247 325 402 11
656 21 655 11
21 501 494 11
473 495 499 11
21 82 68 11
21 520 522 11
307 21 305 11
501 21 524 11
21 525 531 11
23 21 155 11
533 534 518 11
546 21 548 11
559 21 577 11
21 80 669 11
523 525 516 11
545 21 151 11
520 21 405 11
552 21 576 11
577 21 564 11
565 21 575 11
575 21 745 11
598 21 597 11
604 21 603 11
21 610 593 11
611 599 592 11
723 21 559 11
632 21 494 11
21 165 637 11
633 21 637 11
286 211 319 11
486 21 593 11
82 21 96 11
21 647 649 11
396 21 484 11
652 168 597 11
468 21 314 11
211 286 218 11
655 654 656 11
21 380 388 11
282 21 668 11
668 21 546 11
684 21 489 11
610 21 545 11
306 21 353 11
149 21 147 11
524 21 747 11
700 21 347 11
711 21 709 11
21 614 591 11
127 21 531 11
722 21 723 11
614 21 604 11
360 21 591 11
728 21 729 11
257 21 276 11
21 72 729 11
21 112 534 11
732 21 720 11
728 724 730 11
675 716 727 11
734 21 552 11
564 21 260 11
493 735 496 11
40 716 675 11
525 21 349 11
40 21 716 11
655 21 649 11
160 21 97 11
38 21 382 11
154 21 711 11
262 21 307 11
515 72 505 11
700 368 77 11
77 21 700 11
647 21 669 11
161 21 255 11
113 21 126 11
72 515 729 11
21 119 126 11
615 567 241 2
568 267 225 2
221 567 615 2
268 105 552 2
576 3 805 2
241 1 809 2
225 267 576 2
552 105 734 2
3 10 805 3
1 9 809 3
62 60 746 2
746 60 767 2
688 62 746 2
142 62 688 2
536 266 260 2
251 372 578 3
260 266 564 2
266 511 564 2
812 340 487 3
340 50 487 3
722 133 692 2
133 134 692 3
692 134 710 3
269 232 545 2
588 17 199 3
587 553 200 3
231 356 593 2
20 171 790 3
626 744 135 2
135 744 70 2
744 24 70 2
55 215 761 3
743 625 74 2
212 213 637 2
637 213 633 2
798 212 637 2
213 605 633 2
633 605 179 2
605 606 179 3
27 52 787 3
787 52 784 3
407 311 405 2
332 46 494 2
48 220 768 2
501 332 494 2
364 164 466 3
57 61 752 2
802 54 18 2
803 802 16 3
541 803 252 3
752 61 748 2
61 474 748 2
252 803 16 3
16 802 18 3
748 474 323 2
414 542 397 3
323 414 397 3
67 560 742 2
264 64 575 2
575 64 759 2
265 608 565 2
563 562 234 3
78 343 735 2
791 807 32 2
107 108 720 2
452 458 327 2
327 458 339 2
707 708 92 4
72 315 505 2
315 345 505 3
40 764 45 2
763 764 40 2
110 117 716 2
152 763 675 2
675 763 40 2
644 660 147 2
259 551 258 4
551 532 258 2
549 551 259 4
156 206 669 2
539 557 280 2
184 177 655 2
544 543 262 2
307 544 262 2
183 193 656 2
509 544 307 2
654 183 656 2
775 467 38 2
188 183 654 2
451 463 352 4
444 432 363 2
309 451 352 2
502 451 309 2
363 432 388 2
450 434 353 2
388 450 353 2
235 237 592 2
432 450 388 2
592 237 603 2
21 221 615 6
704 569 94 2
404 481 418 2
460 375 456 4
274 277 516 4
663 290 112 2
374 375 460 4
375 427 456 2
495 324 499 2
456 427 391 2
324 586 499 4
427 400 391 2
426 594 396 2
350 475 473 2
348 350 479 4
479 350 473 4
547 357 247 2
338 324 495 2
533 338 495 2
291 338 533 2
289 302 537 4
385 392 428 4
395 393 416 4
453 293 349 2
239 246 601 4
94 569 222 2
569 415 222 2
222 415 390 2
415 411 390 4
583 478 211 2
237 228 603 2
211 478 319 2
582 207 218 4
478 230 319 2
286 582 218 2
530 582 286 2
287 530 286 2
529 530 287 2
676 620 109 4
442 444 351 4
351 444 363 4
465 464 308 4
248 249 597 2
532 556 276 2
258 532 276 2
162 198 687 4
779 549 34 4
540 628 255 2
34 549 259 4
762 433 49 2
623 609 159 2
764 124 45 2
111 125 730 2
690 717 96 2
96 717 82 2
316 114 515 2
89 690 96 2
515 114 729 2
717 699 82 2
114 115 729 2
708 690 89 2
755 315 72 2
92 708 89 4
143 439 700 2
68 760 44 2
749 760 68 2
760 773 44 2
458 83 339 2
815 808 7 2
346 140 489 2
189 346 489 2
607 346 189 2
64 457 759 3
474 414 323 3
267 568 796 10
2 567 568 10
567 2 1 10
267 268 6 10
6 3 267 10
58 796 57 10
54 796 58 10
713 60 527 10
283 66 796 10
646 105 142 10
62 142 105 10
371 66 372 10
65 527 60 10
56 796 76 10
291 796 338 10
169 796 78 10
535 536 13 10
283 372 66 10
333 332 501 2
13 11 535 10
511 266 512 10
432 796 450 10
76 294 747 2
532 544 796 10
250 284 50 10
56 378 771 2
271 512 266 10
178 50 284 10
370 796 705 10
475 338 796 10
52 367 784 3
231 362 232 10
133 123 216 10
358 31 480 3
137 216 123 10
67 796 71 10
539 566 796 10
355 408 485 2
226 272 227 10
26 212 798 2
122 227 272 10
29 354 793 2
29 796 354 10
609 618 796 10
640 269 17 10
230 796 235 10
17 15 640 10
235 796 237 10
762 796 433 10
589 138 553 10
478 796 230 10
639 553 138 10
502 796 435 10
213 796 29 10
357 476 796 10
529 249 796 10
65 60 796 10
183 796 193 10
406 232 362 10
221 796 567 10
749 796 760 10
513 356 573 10
369 573 356 10
193 796 248 10
796 221 21 6
554 795 170 10
627 214 160 2
220 796 53 10
192 634 526 10
635 526 634 10
555 526 254 3
695 696 22 10
214 627 215 10
794 170 795 10
481 400 796 10
22 696 801 2
108 796 452 10
22 20 695 10
54 53 796 10
111 115 796 10
635 795 155 2
128 796 110 10
574 573 219 3
24 744 81 10
634 192 157 2
626 215 627 10
427 796 400 10
718 625 26 10
743 81 744 10
569 796 419 10
111 796 125 10
31 354 355 10
605 213 367 10
212 26 625 10
359 408 176 10
589 590 202 3
27 354 31 10
639 640 154 2
42 311 43 10
407 176 408 10
29 367 213 10
137 123 796 10
137 138 709 2
134 227 710 3
107 78 796 10
123 133 722 2
738 512 303 3
723 123 722 2
122 123 723 2
512 271 303 2
99 512 738 3
59 796 67 10
791 760 796 10
310 43 311 10
378 56 163 10
76 163 56 10
11 340 812 3
48 332 220 10
46 332 48 10
288 53 802 10
364 294 365 10
333 365 294 10
59 61 796 10
290 796 291 10
59 612 61 10
54 802 53 10
57 796 61 10
60 713 767 2
310 796 56 10
541 58 542 10
125 796 128 10
419 796 437 10
57 542 58 10
105 646 734 2
69 264 265 10
265 796 608 10
560 67 561 10
563 608 376 10
64 264 69 10
62 796 60 10
267 3 576 2
474 61 612 10
567 1 241 2
355 796 408 10
808 815 817 10
794 795 796 10
807 808 817 10
807 792 808 10
774 775 796 10
791 792 807 10
763 796 764 10
772 808 792 10
791 796 792 10
764 796 762 10
754 796 755 10
791 813 760 10
773 760 813 10
743 744 796 10
725 796 726 10
749 739 717 10
704 705 796 10
695 796 696 10
690 708 689 10
699 717 739 10
673 674 682 10
672 689 708 10
662 796 663 10
643 661 644 10
639 796 640 10
634 796 635 10
660 644 661 10
628 796 629 10
626 627 796 10
743 796 625 10
62 105 796 10
617 618 623 10
665 682 674 10
607 608 796 10
643 796 674 10
690 689 796 10
629 600 628 10
584 628 600 10
609 623 618 10
704 796 569 10
567 796 568 10
566 780 556 10
779 556 780 10
543 544 551 10
557 539 571 10
535 796 536 10
529 796 530 10
571 539 540 10
509 521 510 10
502 503 796 10
498 510 521 10
629 796 618 10
481 796 482 10
774 670 775 10
532 551 544 10
478 530 796 10
475 796 476 10
467 775 670 10
458 796 459 10
453 454 796 10
452 796 458 10
503 472 450 10
539 796 540 10
107 344 78 10
436 437 444 10
794 796 695 10
451 502 464 10
434 450 472 10
725 433 796 10
65 796 66 10
609 796 644 10
464 502 435 10
426 796 427 10
419 423 569 10
415 569 423 10
432 444 437 10
556 796 566 10
407 408 796 10
399 400 404 10
394 705 412 10
774 796 510 10
607 376 608 10
626 796 744 10
704 412 705 10
385 482 393 10
427 375 426 10
369 796 634 10
393 482 370 10
594 426 375 10
357 547 476 10
481 404 400 10
356 796 369 10
354 796 355 10
607 796 346 10
71 561 67 10
475 350 338 10
420 476 547 10
184 796 183 10
332 333 796 10
324 338 350 10
749 717 796 10
663 328 662 10
310 311 796 10
510 796 509 10
294 796 333 10
292 293 796 10
312 290 320 10
289 662 328 10
635 796 795 10
292 304 293 10
320 290 291 10
283 796 284 10
271 796 272 10
156 726 796 10
453 278 454 10
274 293 304 10
640 796 269 10
407 796 311 10
267 796 268 10
266 796 271 10
264 796 265 10
71 796 264 10
248 796 249 10
237 796 238 10
231 232 796 10
235 246 230 10
256 373 229 10
261 454 278 10
272 796 122 10
332 796 220 10
140 346 383 10
212 625 796 10
228 237 240 10
212 796 213 10
431 229 373 10
478 583 530 10
217 230 246 10
240 237 238 10
231 796 356 10
690 796 717 10
205 206 796 10
357 796 426 10
169 383 346 10
248 619 193 10
482 796 370 10
529 677 249 10
582 530 583 10
447 193 619 10
676 249 677 10
183 188 184 10
432 437 796 10
178 796 535 10
284 796 178 10
177 184 188 10
346 796 169 10
86 458 459 10
205 182 206 10
334 108 335 10
269 796 232 10
450 796 503 10
156 198 726 10
181 206 182 10
644 796 643 10
76 796 294 10
459 796 143 10
137 796 138 10
256 229 796 10
292 796 662 10
725 337 433 10
128 145 125 10
122 796 123 10
190 125 145 10
238 796 229 10
256 796 454 10
114 796 115 10
132 124 764 10
532 796 556 10
114 755 796 10
290 663 796 10
83 458 86 10
107 796 108 10
111 121 115 10
336 433 337 10
764 762 132 10
117 110 152 10
268 796 105 10
536 796 266 10
343 78 344 10
197 726 198 10
152 110 763 10
453 796 293 10
110 796 763 10
205 796 184 10
696 796 627 10
435 796 775 10
138 796 639 10
509 796 544 10
315 755 316 10
754 440 143 10
143 796 754 10
100 115 121 10
156 796 206 10
439 143 440 10
540 796 628 10
665 796 689 10
452 335 108 10
114 316 755 10
665 674 796 10
10 2 811 3
805 10 811 3
809 9 818 3
9 765 818 8
767 713 91 2
713 714 91 3
753 66 751 2
66 371 751 2
548 284 546 2
284 250 546 2
546 250 596 2
250 251 596 3
596 251 578 3
487 50 777 3
624 122 723 2
227 122 624 2
710 227 624 3
640 15 151 2
154 640 151 2
590 216 203 3
545 232 610 2
202 590 203 3
593 356 486 2
514 362 300 3
369 634 469 2
469 634 157 2
209 369 469 2
573 369 209 2
285 635 155 2
219 573 209 3
695 20 98 2
696 627 97 2
98 20 790 2
801 696 97 2
23 554 275 2
794 695 30 2
30 695 98 2
526 635 285 2
554 555 275 3
97 627 160 2
275 555 254 3
254 526 285 3
70 24 797 2
24 55 797 3
74 625 165 2
741 743 74 2
797 55 761 3
625 718 165 2
81 743 741 2
88 81 741 3
354 27 490 2
490 27 787 2
793 354 490 2
606 26 194 3
485 408 421 2
179 606 194 3
194 26 798 3
408 359 421 2
405 311 520 2
104 176 733 3
768 220 632 2
494 46 785 2
524 364 466 2
220 53 632 2
632 53 776 2
46 756 785 3
53 288 776 2
776 288 538 2
18 54 770 2
769 541 252 2
59 67 766 2
766 67 742 2
750 265 565 2
71 264 745 2
745 264 575 2
565 608 187 2
187 563 234 2
169 78 684 2
684 78 735 2
735 343 496 2
813 791 8 2
8 791 32 2
343 384 496 3
720 108 732 2
493 107 720 2
75 792 35 7
95 707 92 4
699 707 95 4
729 115 728 2
115 100 728 2
505 345 491 3
730 125 715 2
724 111 730 2
665 689 126 2
653 661 136 4
125 190 715 2
674 673 119 2
149 674 119 2
643 674 149 2
716 117 727 2
715 190 666 2
128 110 712 2
712 110 716 2
186 644 147 2
609 644 186 2
121 111 724 2
49 433 387 2
629 618 158 2
780 566 36 2
433 336 387 2
725 726 84 2
84 726 80 2
726 197 80 2
669 206 647 2
556 779 257 2
206 181 647 2
649 184 655 2
498 671 313 4
305 498 313 2
510 498 305 2
656 193 652 2
41 510 305 2
774 510 41 2
193 447 652 2
652 447 366 2
447 446 366 4
597 249 598 2
249 676 598 2
168 248 597 2
598 676 109 2
619 248 168 2
620 619 167 4
109 620 167 4
167 619 168 4
603 228 621 2
381 422 401 4
436 422 381 4
422 423 401 4
380 436 381 2
437 436 380 2
604 229 614 2
228 239 621 4
403 437 380 2
419 437 403 2
599 235 592 2
229 431 614 2
621 239 601 4
263 373 580 4
525 274 516 2
531 662 127 2
662 289 127 2
127 289 537 2
112 290 534 2
482 385 314 2
330 476 325 2
476 420 325 2
473 475 330 2
325 420 402 2
484 426 396 2
357 426 484 2
420 348 402 4
247 357 484 2
402 348 479 4
396 594 201 2
595 547 196 4
594 595 201 4
391 400 424 2
400 399 424 2
201 595 196 4
475 476 330 2
196 547 247 4
314 385 428 2
481 482 322 2
322 482 314 2
304 292 523 2
370 705 468 2
468 705 93 2
320 291 518 2
518 291 533 2
290 312 534 2
523 292 531 2
418 481 322 2
292 662 531 2
293 274 525 2
705 394 93 2
349 293 525 2
428 392 438 4
454 261 360 2
601 246 599 4
392 404 438 4
591 454 360 2
256 454 591 2
246 235 599 2
438 404 418 4
631 583 211 4
398 419 403 2
238 229 604 2
223 583 631 4
423 419 398 2
401 423 398 4
230 217 611 2
319 230 611 2
503 502 306 2
306 502 309 2
435 775 382 2
382 775 38 2
297 509 307 2
182 205 667 2
521 509 297 2
667 205 649 2
276 556 257 2
205 184 649 2
233 540 255 2
571 540 233 2
257 779 34 2
566 539 243 2
243 539 280 2
255 628 161 2
36 566 243 2
628 584 161 2
158 618 172 2
618 617 172 2
117 146 727 4
190 191 666 4
159 609 186 2
126 689 113 2
116 665 126 2
689 672 113 2
682 665 116 2
491 440 368 3
82 699 95 2
345 440 491 3
440 754 368 2
368 754 77 2
77 755 72 2
754 755 77 2
739 749 79 2
79 749 68 2
347 143 700 2
459 143 347 2
344 107 493 2
108 334 732 2
12 772 75 2
808 772 12 2
7 808 12 2
32 807 14 2
706 376 455 3
703 139 706 3
807 817 14 2
140 139 703 3
139 376 706 3
376 607 455 2
489 140 703 2
455 607 189 2
608 563 187 2
69 265 750 2
58 541 769 2
770 58 769 2
54 58 770 2
288 757 538 3
294 364 524 2
747 294 524 2
377 43 449 3
522 56 771 2
310 56 522 2
311 42 520 2
719 81 88 3
772 792 75 7
795 554 23 2
155 795 23 2
356 513 486 2
232 406 610 2
796 35 792 1
711 589 202 2
138 589 711 2
709 138 711 2
272 226 559 2
303 271 577 2
577 272 559 2
271 272 577 2
50 178 777 2
341 13 500 3
777 178 668 2
21 35 796 1
668 535 282 2
178 535 668 2
282 11 812 2
535 11 282 2
283 284 548 2
65 66 753 2
645 6 144 3
4 12 14 11
161 195 158 11
409 93 425 11
468 314 429 11
650 80 651 11
520 781 522 11
724 728 731 11
678 421 483 11
23 683 30 11
683 23 275 11
225 241 814 11
809 814 241 11
810 552 576 11
209 486 299 11
576 805 810 11
296 767 91 11
688 734 141 11
767 296 753 11
806 260 282 11
282 812 806 11
303 564 301 11
151 800 799 11
610 477 593 11
638 722 692 11
722 638 709 11
624 559 630 11
799 545 151 11
751 461 548 11
273 711 202 11
711 273 154 11
461 751 462 11
477 610 413 11
285 157 657 11
641 160 642 11
160 641 135 11
798 165 85 11
485 490 788 11
470 633 179 11
788 490 787 11
781 520 786 11
421 678 405 11
633 470 793 11
686 771 445 11
771 686 747 11
471 524 466 11
524 471 501 11
748 185 766 11
281 769 252 11
769 281 752 11
244 742 245 11
185 748 323 11
4 7 12 11
8 44 39 11
116 119 103 11
89 113 106 11
147 129 149 11
129 147 130 11
159 172 173 11
195 161 210 11
258 262 279 11
233 280 253 11
38 120 41 11
120 38 321 11
353 318 306 11
326 309 352 11
318 353 379 11
382 309 326 11
418 424 417 11
93 409 94 11
429 314 428 11
742 244 745 11
127 506 112 11
518 534 508 11
506 127 537 11
360 550 349 11
614 448 591 11
550 360 581 11
443 489 703 11
602 603 621 11
448 614 386 11
599 611 636 11
604 603 602 11
489 443 684 11
598 102 287 11
102 598 109 11
654 655 664 11
347 339 737 11
497 732 504 11
80 650 669 11
667 647 659 11
387 488 84 11
715 698 712 11
698 715 666 11
45 721 701 11
737 339 740 11
488 387 492 11
701 49 45 11
368 700 361 11
732 497 327 11
47 804 19 5
19 778 37 5
6 268 810 2
810 268 552 2
814 568 225 2
714 142 90 3
90 142 688 3
564 511 301 2
511 341 301 3
413 588 199 3
789 22 801 3
25 22 789 3
790 171 681 3
42 104 786 3
63 48 768 3
466 164 685 3
757 48 63 3
756 365 73 3
73 365 471 3
612 59 185 2
180 612 185 3
562 69 242 3
759 457 331 3
234 562 242 3
457 561 331 3
816 813 5 4
339 83 740 2
83 270 740 3
497 452 327 2
335 452 497 2
317 316 507 3
672 680 106 4
507 316 515 3
661 643 129 2
132 762 701 2
701 762 49 2
702 132 701 4
691 152 675 4
584 572 210 4
131 132 702 4
492 131 702 4
337 725 488 2
693 337 488 4
181 162 659 4
543 519 279 4
659 162 687 4
262 543 279 2
655 177 664 2
177 174 664 4
670 774 120 2
467 465 321 4
38 467 321 2
446 188 342 4
342 188 654 4
464 435 326 2
430 240 389 4
373 256 448 2
516 277 558 4
302 304 517 4
537 302 517 4
312 585 508 4
399 374 417 4
417 374 460 4
277 278 558 4
261 263 581 4
217 223 636 4
648 677 102 4
218 207 648 4
677 529 102 2
207 677 648 4
353 434 379 2
102 529 287 2
434 442 379 4
308 464 326 4
379 442 351 4
352 463 329 4
321 465 308 4
463 472 329 4
671 670 118 4
118 670 120 4
280 557 253 2
150 337 693 4
557 570 253 4
336 131 492 4
145 128 698 2
153 152 691 4
673 653 103 4
680 682 101 4
106 680 101 4
439 87 361 3
758 739 51 4
700 439 361 2
28 782 33 9
765 804 47 5
782 815 33 4
783 782 28 9
33 815 7 4
613 612 180 3
365 333 471 2
471 333 501 2
164 163 685 3
171 170 681 3
406 588 413 3
630 99 738 3
226 99 630 3
295 527 296 3
527 65 296 2
528 527 295 3
646 645 141 3
734 646 141 2
2 568 814 2
144 6 810 3
811 2 814 3
91 714 90 3
751 371 462 2
371 528 462 3
461 283 548 2
462 528 295 3
806 536 260 2
372 283 461 2
578 372 461 3
301 341 500 3
638 137 709 2
151 15 800 2
799 269 545 2
216 137 638 2
199 17 799 3
203 216 638 3
800 587 200 3
477 231 593 2
200 553 273 3
299 514 300 3
300 362 477 3
157 192 657 2
192 574 657 3
657 574 219 3
683 794 30 2
642 25 789 3
641 626 135 2
215 626 641 2
761 215 641 3
165 718 85 2
718 719 85 3
85 719 88 3
31 355 788 2
788 355 485 2
480 31 788 3
421 359 483 2
483 358 480 3
359 358 483 3
678 407 405 2
520 42 786 2
176 407 678 2
781 310 522 2
786 104 733 3
733 176 678 3
43 310 781 2
449 43 781 3
785 756 73 3
538 757 63 3
281 57 752 2
185 59 766 2
397 542 281 3
742 560 245 2
560 613 245 3
242 69 750 3
244 71 745 2
245 613 180 3
561 71 244 2
331 561 244 3
5 813 8 4
443 169 684 2
383 169 443 2
384 383 441 3
496 384 441 3
441 383 443 3
148 344 694 3
504 148 694 3
694 344 493 3
740 270 579 3
270 335 579 3
579 335 497 3
728 100 731 2
100 317 731 3
136 661 129 4
731 317 507 3
129 643 149 2
191 121 658 3
600 629 195 2
698 128 712 2
195 629 158 2
666 191 658 4
658 121 724 3
210 572 224 4
572 571 224 4
387 336 492 2
727 146 697 4
146 145 697 4
488 725 84 2
697 145 698 4
80 197 651 2
650 156 669 2
647 181 659 2
198 156 650 2
687 198 650 4
120 774 41 2
472 503 318 2
664 174 679 4
366 446 342 4
389 240 602 4
411 412 410 4
614 431 386 2
386 430 389 4
431 430 386 4
448 256 591 2
581 263 580 4
580 373 448 4
204 320 518 4
506 663 112 2
517 304 523 4
586 320 204 4
499 586 204 4
328 663 506 2
208 328 506 4
585 328 208 4
508 585 208 4
429 370 468 2
393 370 429 2
424 399 417 2
534 312 508 2
558 278 550 4
416 393 429 4
278 453 550 2
93 394 425 2
550 453 349 2
425 395 416 4
360 261 581 2
394 395 425 4
409 704 94 2
636 223 631 4
412 704 409 2
390 411 410 4
410 412 409 4
611 217 636 2
326 435 382 2
240 238 602 2
602 238 604 2
318 503 306 2
679 182 667 4
329 472 318 4
313 671 118 4
174 182 679 4
519 521 298 4
279 519 298 4
298 521 297 4
651 150 693 4
197 150 651 4
224 571 233 4
818 765 47 8
721 153 691 4
161 584 210 2
253 570 236 4
570 780 236 4
236 780 36 4
172 617 173 2
124 153 721 4
616 600 175 4
617 616 173 4
173 616 175 4
175 600 195 4
147 660 130 2
622 623 166 4
660 622 130 4
130 622 166 4
45 124 721 2
166 623 159 4
119 673 103 2
103 653 136 4
113 672 106 2
101 682 116 4
361 87 736 3
87 86 736 3
51 739 79 4
44 773 39 2
736 86 737 3
334 148 504 3
39 758 51 4
773 758 39 4
732 334 504 2
86 459 737 2
737 459 347 2
14 817 4 2
4 816 5 4
817 816 4 4
542 57 281 2
685 163 686 3
163 76 686 2
445 377 449 3
686 76 747 2
378 377 445 3
771 378 445 2
784 367 470 3
367 29 470 2
470 29 793 2
681 170 683 3
214 25 642 3
170 794 683 2
160 214 642 2
513 514 299 3
362 231 477 2
486 513 299 2
553 639 273 2
610 406 413 2
273 639 154 2
15 587 800 3
17 269 799 2
559 226 630 2
500 13 806 3
13 536 806 2
296 65 753 2
141 645 144 3
19 804 778 5
37 783 28 5
778 783 37 5
811 818 820 15
121 191 819 14
819 816 782 16
